Webots Project File version R2023b
perspectives: 000000ff00000000fd00000003000000000000000000000000fc0100000001fb0000001a0044006f00630075006d0065006e0074006100740069006f006e0000000000ffffffff0000000000000000000000010000016900000445fc0200000001fb0000001400540065007800740045006400690074006f00720100000000000004450000004500ffffff0000000300000780000000dafc0100000002fb0000000e0043006f006e0073006f006c006501000000000000073f0000000000000000fb0000001a0043006f006e0073006f006c00650041006c006c0041006c006c0100000000000007800000000000000000000005950000044500000001000000020000000100000008fc00000000
simulationViewPerspectives: 000000ff00000001000000020000016c000005920100000002010000000101
sceneTreePerspectives: 000000ff000000010000000300000021000000c0000000fa0100000002010000000201
maximizedDockId: -1
centralWidgetVisible: 1
orthographicViewHeight: 1
textFiles: -1
renderingDevicePerspectives: UR5e:camera;1;0.237695;0.0121609;0.0106486
renderingDevicePerspectives: UR5e:range-finder;1;0.402083;0;0
