Webots Project File version R2023b
perspectives: 000000ff00000000fd00000002000000010000018000000377fc0200000001fb0000001400540065007800740045006400690074006f00720000000019000003770000008900ffffff000000030000078000000039fc0100000001fb0000001a0043006f006e0073006f006c00650041006c006c0041006c006c0100000000000007800000006900ffffff000007800000037700000001000000020000000100000008fc00000000
simulationViewPerspectives: 000000ff0000000100000002000001ba000005c40100000002010000000100
sceneTreePerspectives: 000000ff000000010000000300000021000000c0000000fa0100000002010000000200
maximizedDockId: -1
centralWidgetVisible: 1
orthographicViewHeight: 1
textFiles: 0 "protos/Can.proto"
consoles: Console:All:All
renderingDevicePerspectives: UR5e:camera;1;0.342188;0;0
renderingDevicePerspectives: UR5e:range-finder;1;0.279167;0;0
