Webots Project File version R2023b
perspectives: 000000ff00000000fd00000003000000000000000000000000fc0100000001fb0000001a0044006f00630075006d0065006e0074006100740069006f006e0000000000ffffffff0000000000000000000000010000023b000003a8fc0200000001fb0000001400540065007800740045006400690074006f00720000000019000003a80000004500ffffff000000030000078000000115fc0100000004fb0000000e0043006f006e0073006f006c00650100000000000007400000000000000000fb0000002e0050006f0073006900740069006f006e002000530065006e0073006f0072004d00790042006f00740041006c006c0100000000000001760000000000000000fb000000280043006f006e0073006f006c00650041006c006c0020005700650062006f007400730041006c006c0100000178000004280000000000000000fb0000001a0043006f006e0073006f006c00650041006c006c0041006c006c010000000000000780000000000000000000000700000003c700000001000000020000000100000008fc00000000
simulationViewPerspectives: 000000ff000000010000000200000161000002bb0100000002010000000101
sceneTreePerspectives: 000000ff00000001000000030000002100000217000001300100000002010000000201
minimizedPerspectives: 000000ff00000000fd00000003000000000000000000000000fc0100000001fb0000001a0044006f00630075006d0065006e0074006100740069006f006e0000000000ffffffff000000000000000000000001000000bc0000029bfc0200000001fb0000001400540065007800740045006400690074006f007201000000190000029b0000004100ffffff000000030000078000000115fc0100000004fb0000000e0043006f006e0073006f006c00650100000000000007400000000000000000fb0000002e0050006f0073006900740069006f006e002000530065006e0073006f0072004d00790042006f00740041006c006c0100000000000001760000000000000000fb000000280043006f006e0073006f006c00650041006c006c0020005700650062006f007400730041006c006c0100000178000004280000000000000000fb0000001a0043006f006e0073006f006c00650041006c006c0041006c006c0100000000000007800000006900ffffff000006c20000029b00000001000000020000000100000008fc00000000
maximizedDockId: -1
centralWidgetVisible: 1
renderingMode: PLAIN
orthographicViewHeight: 1
textFiles: -1
renderingDevicePerspectives: UR5e:camera;1;0.320833;0;0
renderingDevicePerspectives: UR5e:range-finder;1;0.323438;0.300429;0
