Webots Project File version R2023b
perspectives: 000000ff00000000fd0000000200000001000002b30000036afc0200000001fb0000001400540065007800740045006400690074006f007201000000000000036a0000008b00ffffff0000000300000700000000d9fc0100000001fb0000001a0043006f006e0073006f006c00650041006c006c0041006c006c0100000000000007000000008700ffffff0000044b0000036a00000001000000020000000100000008fc00000000
simulationViewPerspectives: 000000ff000000010000000200000114000004ce0100000002010000000100
sceneTreePerspectives: 000000ff00000001000000030000001e00000212000000fa0100000002010000000200
maximizedDockId: -1
centralWidgetVisible: 1
orthographicViewHeight: 1
textFiles: 1 "controllers/my_controller/ur5e_vacuumGripper_camera.py" "controllers/cont1/cont1.py"
consoles: Console:All:All
renderingDevicePerspectives: UR5e:camera;1;0.245313;0;0
renderingDevicePerspectives: UR5e:range-finder;1;0.0666667;0;0.630221
